Results/With_Depth_Maps/image_06be-6dc6_00000000_img_front.jpg: [5.0483585752478835]
Results/With_Depth_Maps/image_0d22-6c06_00000000_img_front.jpg: [30.47741413560606, 6.285335986415238]
Results/With_Depth_Maps/image_3a84-c94d_00000000_img_front.jpg: [4.495009532130418]
Results/With_Depth_Maps/image_1a81-dc09_00000000_img_front.jpg: [1.5187526052234568, 5.213260190650691]
Results/With_Depth_Maps/image_11d0-fb1c_00000000_img_front.jpg: [1.9837874400099462, 6.0126877717575615]
Results/With_Depth_Maps/image_0c3b-b343_00000000_img_front.jpg: [2.3101234799386714]
Results/With_Depth_Maps/image_0eda-a492_00000000_img_front.jpg: [2.3900640713161176, 3.377325911549032]
Results/With_Depth_Maps/image_34e4-52a5_00000000_img_front.jpg: [3.811101518883636]
Results/With_Depth_Maps/image_2dad-1345_00000000_img_front.jpg: [3.1227178880237565, 3.142817504025182]
Results/With_Depth_Maps/image_06f3-f8b2_00000000_img_front.jpg: [0.8678672492455561, 4.560413522744208]
Results/With_Depth-Anything/image_06be-6dc6_00000000_img_front.jpg: [2.9094817456954725]
Results/With_Depth-Anything/image_0d22-6c06_00000000_img_front.jpg: [3.753775764989418]
Results/With_Depth-Anything/image_3a84-c94d_00000000_img_front.jpg: [4.07503314364301]
Results/With_Depth-Anything/image_1a81-dc09_00000000_img_front.jpg: [7.686806677922073, 5.0232722422340235]
Results/With_Depth-Anything/image_11d0-fb1c_00000000_img_front.jpg: [2.9833892413867735]
Results/With_Depth-Anything/image_0c3b-b343_00000000_img_front.jpg: [1.6939902453123374]
Results/With_Depth-Anything/image_0eda-a492_00000000_img_front.jpg: [4.919391625332378, 1.57975107271176]
Results/With_Depth-Anything/image_34e4-52a5_00000000_img_front.jpg: [1.4480384666453527]
Results/With_Depth-Anything/image_2dad-1345_00000000_img_front.jpg: [0.5315053785274346, 1.707060203951068]
Results/With_Depth-Anything/image_06f3-f8b2_00000000_img_front.jpg: [17.808920054676268, 1.8394089769835205]
Results/With_MiDaS/image_06be-6dc6_00000000_img_front.jpg: [2.6007269053739064, 5.11950878508243]
Results/With_MiDaS/image_0d22-6c06_00000000_img_front.jpg: [3.892002316605086, 8.954567798282147]
Results/With_MiDaS/image_3a84-c94d_00000000_img_front.jpg: [5.965216067035975]
Results/With_MiDaS/image_1a81-dc09_00000000_img_front.jpg: [4.461908920818704, 6.375028226551825]
Results/With_MiDaS/image_11d0-fb1c_00000000_img_front.jpg: [2.9729751935868056, 8.523997376424582]
Results/With_MiDaS/image_0c3b-b343_00000000_img_front.jpg: [3.3208906874564414]
Results/With_MiDaS/image_0eda-a492_00000000_img_front.jpg: [8.718871625976222, 5.069119447697473]
Results/With_MiDaS/image_34e4-52a5_00000000_img_front.jpg: [2.5977015790544438, 4.374659312507492]
Results/With_MiDaS/image_2dad-1345_00000000_img_front.jpg: [0.7906221483660161, 7.503376046359821]
Results/With_MiDaS/image_06f3-f8b2_00000000_img_front.jpg: [15.021818762688445, 3.2170558792547377]
